- name: Work
  latitude: 45.539926
  longitude: -73.655023
  radius: 250
  icon: mdi:school
- name: Home
  latitude: 45.5303786
  longitude: -73.5545572
  radius: 25
  icon: mdi:home
